[3, 3]
[3, 3, 3]
[3, 3, 19]
[3, 3, 3, 3]
[3, 3, 3, 19]
[3, 3, 3, 87211]
[3, 3, 19, 19]
[3, 3, 19, 571]
[3, 3, 19, 174763]
[3, 3, 3, 3, 3]
[3, 3, 3, 3, 19]
[3, 3, 3, 3, 163]
[3, 3, 3, 3, 87211]
[3, 3, 3, 3, 135433]
[3, 3, 3, 19, 19]
[3, 3, 3, 19, 571]
[3, 3, 3, 19, 87211]
[3, 3, 3, 19, 144667]
[3, 3, 3, 19, 174763]
[3, 3, 19, 19, 19]
[3, 3, 19, 19, 571]
[3, 3, 19, 571, 571]
[3, 3, 3, 3, 3, 3]
[3, 3, 3, 3, 3, 19]
[3, 3, 3, 3, 3, 163]
[3, 3, 3, 3, 3, 1459]
[3, 3, 3, 3, 3, 87211]
[3, 3, 3, 3, 3, 135433]
[3, 3, 3, 3, 3, 139483]
[3, 3, 3, 3, 19, 19]
[3, 3, 3, 3, 19, 163]
[3, 3, 3, 3, 19, 571]
[3, 3, 3, 3, 19, 87211]
[3, 3, 3, 3, 19, 135433]
[3, 3, 3, 3, 19, 144667]
[3, 3, 3, 3, 19, 174763]
[3, 3, 3, 3, 163, 163]
[3, 3, 3, 19, 19, 19]
[3, 3, 3, 19, 19, 571]
[3, 3, 3, 3, 3, 3, 3]
[3, 3, 3, 3, 3, 3, 19]
[3, 3, 3, 3, 3, 3, 163]
[3, 3, 3, 3, 3, 3, 1459]
[3, 3, 3, 3, 3, 3, 87211]
[3, 3, 3, 3, 3, 3, 135433]
[3, 3, 3, 3, 3, 3, 139483]
[3, 3, 3, 3, 3, 19, 19]
[3, 3, 3, 3, 3, 19, 163]
[3, 3, 3, 3, 3, 19, 571]
[3, 3, 3, 3, 3, 19, 1459]
[3, 3, 3, 3, 3, 19, 87211]
[3, 3, 3, 3, 3, 19, 135433]
[3, 3, 3, 3, 3, 19, 139483]
[3, 3, 3, 3, 3, 19, 144667]
[3, 3, 3, 3, 3, 19, 174763]
[3, 3, 3, 3, 3, 163, 163]
[3, 3, 3, 3, 19, 19, 19]
[3, 3, 3, 3, 19, 19, 163]
[3, 3, 3, 3, 19, 19, 571]
[3, 3, 3, 3, 3, 3, 3, 3]
[3, 3, 3, 3, 3, 3, 3, 19]
[3, 3, 3, 3, 3, 3, 3, 163]
[3, 3, 3, 3, 3, 3, 3, 1459]
[3, 3, 3, 3, 3, 3, 3, 17497]
[3, 3, 3, 3, 3, 3, 3, 87211]
[3, 3, 3, 3, 3, 3, 3, 135433]
[3, 3, 3, 3, 3, 3, 3, 139483]
[3, 3, 3, 3, 3, 3, 19, 19]
[3, 3, 3, 3, 3, 3, 19, 163]
[3, 3, 3, 3, 3, 3, 19, 571]
[3, 3, 3, 3, 3, 3, 19, 1459]
[3, 3, 3, 3, 3, 3, 163, 163]
[3, 3, 3, 3, 3, 3, 3, 3, 3]
[3, 3, 3, 3, 3, 3, 3, 3, 19]
[3, 3, 3, 3, 3, 3, 3, 3, 163]
[3, 3, 3, 3, 3, 3, 3, 3, 1459]
[3, 3, 3, 3, 3, 3, 3, 3, 17497]
[3, 3, 3, 3, 3, 3, 3, 3, 52489]
[3, 3, 3, 3, 3, 3, 3, 3, 87211]
[3, 3, 3, 3, 3, 3, 3, 3, 135433]
[3, 3, 3, 3, 3, 3, 3, 3, 139483]
[3, 3, 3, 3, 3, 3, 3, 3, 3, 19]
[3, 3, 3, 3, 3, 3, 3, 3, 3, 163]
[3, 3, 3, 3, 3, 3, 3, 3, 3, 1459]
[3, 3, 3, 3, 3, 3, 3, 3, 3, 17497]
