[3, 3]
[3, 3, 3]
[3, 3, 19]
[3, 3, 3, 3]
[3, 3, 3, 19]
[3, 3, 3, 87211]
[3, 3, 19, 19]
[3, 3, 19, 571]
[3, 3, 19, 174763]
[3, 3, 3, 3, 3]
[3, 3, 3, 3, 19]
[3, 3, 3, 3, 163]
[3, 3, 3, 3, 87211]
[3, 3, 3, 3, 135433]
[3, 3, 3, 3, 3, 3]
[3, 3, 3, 3, 3, 19]
[3, 3, 3, 3, 3, 163]
[3, 3, 3, 3, 3, 1459]
[3, 3, 3, 3, 3, 87211]
[3, 3, 3, 3, 3, 135433]
[3, 3, 3, 3, 3, 139483]
[3, 3, 3, 3, 3, 3, 3]
[3, 3, 3, 3, 3, 3, 19]
[3, 3, 3, 3, 3, 3, 163]
[3, 3, 3, 3, 3, 3, 1459]
[3, 3, 3, 3, 3, 3, 87211]
[3, 3, 3, 3, 3, 3, 135433]
[3, 3, 3, 3, 3, 3, 139483]
